0 0 0 0 0 0
5 0 0 0 0 0
10 0 0 0 0 0
15 0 0 0 0 0
20 0 0 0 0 0
25 0 0 0 0 0
30 0 0 0 0 0
35 0 0 0 0 0
40 0 0 0 0 0
45 0 0 0 0 0
50 0 0 0 0 0
55 0 873 0 0 0
60 0 873 0 0 0
65 0 9255 0 0 0
70 0 20825 0 0 0
75 0 30677 0 0 0
80 0 39892 0 0 0
85 0 46835 0 0 0
90 0 54771 0 0 0
95 0 61320 0 0 0
100 0 68518 0 0 0
105 0 75071 0 0 0
110 0 80723 0 0 0
115 0 84005 0 0 0
120 0 92021 0 0 0
125 0 98464 0 0 0
130 0 105701 0 0 0
135 0 118253 0 0 0
140 0 128575 0 0 0
145 0 140863 0 0 0
150 317 153709 0 0 0
155 1699 147367 0 0 0
160 12495 147634 0 0 0
165 25771 148140 0 0 0
170 39428 148889 0 0 0
175 51697 149742 0 0 0
180 65022 150567 0 0 0
185 78409 150925 0 0 0
190 84844 151654 0 0 0
195 86111 152971 0 0 0
200 90425 157837 0 0 0
205 97367 161049 0 0 0
210 101780 159154 0 0 0
215 102797 159154 0 0 0
220 104925 154620 0 0 0
225 109849 148588 0 0 0
230 111574 150124 0 0 0
235 116997 142896 0 0 0
240 121657 138168 0 0 0
245 125047 136021 0 0 0
250 128493 131175 0 0 0
255 131378 128093 0 0 0
260 133701 125153 0 0 0
265 139226 122173 0 0 0
270 143792 116828 0 0 0
275 146423 112463 0 0 0
280 155714 105653 0 0 0
285 157356 102380 0 0 0
290 156252 102773 0 0 0
295 156167 103475 0 0 0
300 156226 101730 0 0 0
305 154408 105768 0 0 0
310 153993 105246 0 0 0
315 156674 103175 0 0 0
320 154555 107268 0 0 0
325 153533 108193 0 0 0
330 157702 104234 0 0 0
335 154598 104634 0 0 0
340 155951 103872 0 0 0
345 156957 103079 0 0 0
350 154254 104355 0 0 0
355 154677 105490 0 0 0
360 156393 104012 0 0 0
365 156247 104093 0 0 0
370 154128 104840 0 0 0
375 155040 104304 0 0 0
380 154693 104986 0 0 0
385 155056 105284 0 0 0
390 154534 104190 0 0 0
395 157490 103194 0 0 0
400 156189 103046 0 0 0
405 155695 102720 0 0 0
410 154042 104741 0 0 0
415 157387 101915 0 0 0
420 158305 103310 0 0 0
425 154869 103414 0 0 0
430 154416 107342 0 0 0
435 153964 106798 0 0 0
440 156686 104056 0 0 0
445 154340 106009 0 0 0
450 155354 103180 0 0 0
455 156269 105401 0 0 0
460 157579 104186 0 0 0
465 157392 102949 0 0 0
470 157152 102581 0 0 0
475 157118 101650 0 0 0
480 156721 101272 0 0 0
485 156727 102534 0 0 0
490 153960 104503 0 0 0
495 156400 103867 0 0 0
